0.8914715670082943,0.6216861877958951,0.31272090604868036,2.945354993388333
0.623925422125976,1.6880436559958727,2.1152072681847645,2.6799295417068305
0.40561907638019623,0.09731487731519363,2.6303942131989504,1.6968323265607244
0.2664055106287613,0.188161110599202,0.255430557513372,0.12969512405989816
0.06635652435366671,0.4104659632125785,2.2026585319301653,1.6845195323268527
0.8749226179272244,1.8862405304961531,0.9136357828683015,0.2359645030485426
0.9958010736796127,1.6167684583963162,2.4416867992592795,0.8012500986558247
0.4752579092478683,0.9675281246255505,0.31029954779910046,1.1106443377879434
0.2011446973862635,0.19364578605925306,1.7854881769604887,2.0747925029383736
0.6711377688555723,1.7664037131573658,0.981080825068133,2.0418584805360784
0.3707392545321813,1.529042485157393,0.8878905369085787,2.4601850078760124
0.7146959680516632,0.9181815038270069,1.8107648402398326,1.1130356240625001
0.4382193324093423,1.9747027843158347,0.17186888623910646,2.9687611235993474
0.6102419222108252,1.6579655158093272,0.005231977596786738,3.6197461436983107
0.9584927230116331,1.045524944062092,0.5614338535811517,3.9927364250473607
0.5006846828606772,1.8393127353889978,0.05810998351384866,3.205318935092564
0.5375543463848486,0.10636715346725904,1.5457867336781157,3.2770562904990266
0.950915572114379,1.8246078050299492,2.593908755760873,0.8996720406735039
0.7513093827833085,1.165483651755202,1.214889063184413,3.5171155352517287
0.22799585911298975,1.0670302525537863,0.9891482008622445,2.0058240578806648
0.48637986249361953,1.921861878718158,1.6104218482174404,0.30420615015603036
0.8758379797934143,0.35052834264569555,2.837376887012555,3.7088488888791815
0.18655887053592365,1.1326833960055303,0.31889466090268626,2.9952845241134995
0.9962102855872313,1.6577073098114625,1.7267455535588792,2.163677068446744
0.6556875099531805,1.4067520060764795,2.6107588111723135,3.0809393306830177
0.7397857874730315,1.1630463741600112,2.214643129421473,2.293331883044246
0.9377231730733615,1.2079861116792425,0.6797566683365424,2.7613666734040634
0.5854437110740653,1.0221508972175288,0.7886991368730185,3.0143413332582396
0.6452061932386768,0.9708347868512163,0.3040692130708667,3.365797722469979
0.4287652865076769,1.8252565412600446,0.8543481049155025,0.4465000089410941
0.8426653266492743,1.8575512715407785,0.6392105843028719,3.9686081976510588
0.9956716939413837,0.1260813105309817,0.09436959485989642,1.7196097328996978
0.429148643077107,0.6432137975319243,0.4704976578321317,1.1862394534725824
0.6797272186807746,1.5943706739053736,2.1295070806183616,1.344534209004135
0.9569291348640571,0.7205425440945292,2.774763954625865,1.054873136706815
0.594153349921909,0.4741538674694341,1.5377708755801576,2.5671365408490034
0.36736288998673294,0.002040291318071159,1.16629909753101,3.9418272445924103
0.542660266224134,1.9645162042021003,0.14197059816898303,1.1878538469424442
0.6522805147480397,1.771687075533174,1.8550409179968548,3.459053388897754
0.5814290020501363,1.48112764454219,0.37792274130472986,0.0667324800214143
0.22359393354067242,0.7578698492427307,2.871178142327601,0.8013452723573252
0.6809622047124,0.2034261926377362,0.4310013715243647,3.6560265602893933
0.34608606263552694,1.6455497873788592,1.061155013873858,1.721970965522247
0.3185063305977268,1.4883321227550226,1.2951352161472618,3.5843199976581097
0.8038073041221259,1.0043410953722465,0.7209264370489851,2.1206605415977986
0.7317168909802293,0.911128643907368,2.471346617772751,3.430815425419113
0.2869365997926107,0.5460104417106845,2.6959870927801153,0.6040662589625971
0.2627064146040846,1.7872325880419953,0.14195282923765895,3.6352136574411738
0.5197360919190449,0.01843158697636461,1.2484321662254116,3.5034678641607324
0.420558683930961,1.4014435222245203,2.6393802736225713,1.976303043093269
0.6108130453420971,0.5341069731240231,1.5308237450933413,1.5674981398226817
0.13369773102860735,1.3971169433689132,1.7979098226372827,0.8009014759326362
0.17619391353568853,1.8692512401368369,0.852943269452229,0.6879848728008935
0.08526783033231326,0.035038184422846466,1.033033827247335,2.379602694370795
0.7474146588522851,0.6761164524900072,0.575151745333746,3.9537870439833394
0.06337236542891712,1.1739864096763175,1.2724847204251666,1.0964772857740894
0.7809742087813388,0.17010128333131838,2.496751744579636,3.439442696287364
0.09837116495934184,1.1999134081829717,2.742245223409946,1.1312164850768878
0.12068550305320014,0.796774552538312,1.2421650596516451,3.1931534411798115
0.7114332122466497,0.1171420253771209,0.023415606511121692,0.4859856208995017
0.19650416491262976,1.6154680572372568,1.9744643389387113,3.888726996805335
0.8485637248509822,1.7153260371918562,1.9373911465970157,3.578734945594054
0.3772316034804618,1.640812979411638,0.38816006518870905,2.3088723250673766
0.6826090102872266,0.37654590713597236,2.1834545581782576,1.6814364322497324
0.45138710719755654,0.7149801344153361,2.6633365049919786,1.928402608882829
0.010147990464102355,0.46701855141808885,2.1796769155953193,3.367901099093242
0.011493071223266137,0.712157943161371,2.5900955842067277,0.013428631634773154
0.06198266269654162,0.02829573603272369,1.8750498060312777,0.6425700869689186
0.494775994857897,1.9255805958361087,1.7319554302391917,3.3732695192775766
0.3562431864855475,1.6603601522706442,0.5066205451742292,3.3464180505122902
0.32746568965538125,1.9171950565545397,1.966880985420813,0.7559346407080269
0.023131405185047752,1.3685904879816189,0.14573546873683912,2.0061371008279036
0.7869013529023412,1.7791563174037512,2.680444383780638,2.17618894852569
0.356198460690093,1.2787152094461738,0.6175859844010692,2.5182126628098134
0.47327613387354245,1.9438344793852176,0.7148173537540953,3.0917993245238424
0.45253024932238484,0.30209907575993894,2.946127705525282,3.7807413367743306
0.7799864151047089,1.7526499204829693,0.2075179934566703,1.5925967010437803
0.31082846422062543,0.40675877783889236,2.478418706849019,0.5142160105032928
0.8852239134316215,0.4212471017494218,2.510457157680223,0.7534666959591989
0.13946937971534393,1.0665124499638037,1.7489278244286557,1.0469428348663408
0.38664166799193544,0.38246238039407365,0.26051177967965833,1.1297406657859423
0.6555537355271592,1.9180537368623,2.8187643166882275,1.181369750059397
0.8572618978528528,0.3646475873448973,1.9996908853540198,1.1309145050675826
0.14532972922878867,0.21380479952680184,2.7873630170920203,0.4026942103333428
0.21069090679604358,1.8799124707126427,1.30818754698886,0.561916262088137
0.830088921841303,1.6304420602237841,2.8896240529429003,1.6658486851585699
0.23442199151040227,0.05821247532519373,2.6963899783537366,1.4401525690761077
0.3269590943979777,0.27013199712664,0.22719989502023935,0.7083472444362966
0.740454928427565,1.7531622744829387,1.331903363010031,3.0196980028205904
0.4986589737562105,1.4950470584782374,1.2284449693399742,3.965808641017505
0.029676522153600247,1.5155458938006967,1.2364996398688675,2.3496171105075465
0.3566496680350016,1.0406900336815523,1.4405341733845942,0.9982703807587835
0.6499237439105714,1.5390720200617864,2.8684863892284516,0.9750672836678864
0.15260507501865744,1.0714732274297587,0.41145597585943244,0.9310399219961747
0.9918122902944572,1.8166857516248973,1.6922912151057758,3.131664176563927
0.11631782790615754,0.7351780295141489,2.6423472667254635,2.4210838221003317
0.6573823659925239,0.7512526500882848,1.520908343702513,0.8680731284415492
0.0685720929751011,0.14980533749849553,1.0747581131833421,0.5011658107339317
0.036912460271727246,1.3976430945300984,2.8320202043316542,0.9089633028454696
0.4083048604222344,1.1074198272458937,0.6567405025684765,2.6396625134646836
0.5305979984797115,0.0,0.0,4.0
0.7629133976904411,2.0,0.0,0.0
0.20658421259158705,0.0,3.0,4.0
0.6232373256261817,0.0,0.0,0.0
0.43654214679617787,0.0,0.0,0.0
0.23558835989885327,0.0,0.0,0.0
0.713802753353702,2.0,3.0,0.0
0.8129905582360749,2.0,3.0,4.0
0.9949478481376858,2.0,3.0,0.0
0.5553583528331602,0.0,3.0,0.0
0.23538921402231408,0.0,3.0,4.0
0.6597191652003609,2.0,3.0,4.0
0.6464240985225268,2.0,0.0,4.0
0.8388657007414675,0.0,0.0,4.0
0.5638226700902657,0.0,0.0,0.0
0.7295321146175832,0.0,0.0,0.0
0.7961914115538841,0.0,3.0,0.0
0.9909015108845096,2.0,3.0,0.0
0.6461565549918712,0.0,0.0,4.0
0.005725596585190869,0.0,3.0,0.0
0.30204455574335226,0.0,0.0,0.0
0.3165698240652891,2.0,0.0,0.0
0.22297316046338173,2.0,3.0,4.0
0.6241539035040026,0.0,3.0,4.0
0.22613622599263133,2.0,3.0,0.0
0.9019863122744742,2.0,0.0,0.0
0.37189173419186344,2.0,3.0,4.0
0.959380200706217,0.0,3.0,4.0
0.6596973332258023,2.0,0.0,0.0
0.0,1.8053065335647493,0.0,0.0
1.0,0.28213782471111,0.0,0.0
0.0,1.5195614412710094,3.0,4.0
1.0,0.7006411773192139,0.0,4.0
1.0,1.7796112496412924,0.0,0.0
0.0,0.42950954606727576,0.0,0.0
0.0,1.4798567749215061,3.0,4.0
0.0,0.25893107594316156,0.0,0.0
0.0,0.6224301388566316,3.0,0.0
1.0,1.640288865774968,0.0,4.0
1.0,0.34905656048270106,0.0,4.0
1.0,1.1624214034618117,3.0,0.0
0.0,0.8862040633111036,3.0,4.0
1.0,1.2027633224906604,3.0,4.0
0.0,1.9354772104738118,3.0,0.0
1.0,0.2545638601604608,0.0,0.0
1.0,0.49506575519414886,3.0,0.0
1.0,1.2767017935588363,0.0,0.0
1.0,1.4021832466720632,0.0,4.0
1.0,0.3777668886298363,3.0,4.0
1.0,0.03432751252909096,0.0,4.0
1.0,1.2647485711219006,3.0,0.0
1.0,0.8986432668595866,3.0,4.0
0.0,1.0636197594643717,3.0,0.0
1.0,1.71901465832864,0.0,4.0
1.0,0.0,2.4438643125554966,4.0
0.0,2.0,0.7924784878236496,4.0
1.0,2.0,0.1614964915308065,4.0
1.0,2.0,1.4893466437457787,4.0
1.0,2.0,2.7679799880853544,0.0
0.0,2.0,1.2634302789226182,0.0
0.0,2.0,1.2495288372461313,4.0
0.0,0.0,1.9220450740258292,0.0
1.0,0.0,1.3928319936338223,0.0
0.0,2.0,1.4266600614735943,4.0
0.0,2.0,1.0479953213216655,0.0
0.0,0.0,2.0018314032771847,0.0
0.0,2.0,0.5986304852075004,4.0
0.0,0.0,1.0357284620942417,0.0
0.0,2.0,0.9746139950467883,0.0
0.0,2.0,0.981536376097497,0.0
0.0,0.0,0.3669291202550454,0.0
0.0,0.0,2.528910695859169,4.0
0.0,2.0,3.0,3.087172797416255
1.0,2.0,3.0,3.735157856622793
1.0,2.0,0.0,2.6285091846751003
1.0,0.0,3.0,2.775307272038752
0.0,0.0,3.0,0.8367562822875393
0.0,2.0,0.0,3.952351720873576
0.0,2.0,0.0,2.7960878655839556
1.0,2.0,0.0,3.0844923581104724
0.0,0.0,3.0,3.77256546197441
1.0,2.0,0.0,0.49248557925876546
0.0,2.0,3.0,1.5445481912496668
1.0,0.0,0.0,0.2263088921817675
1.0,2.0,3.0,2.866098700830703
0.0,2.0,0.0,1.5067837835291307
1.0,0.0,0.0,1.730917136508534
1.0,0.0,0.0,3.1600290604012997
1.0,0.0,3.0,2.0919415031166455
1.0,2.0,0.0,3.644914067546061
0.0,2.0,3.0,0.696495015536512
0.0,2.0,0.0,2.497430890504604
0.0,2.0,0.0,2.795810916841603
1.0,2.0,3.0,0.2061630381534694
0.0,2.0,3.0,3.9427713604995445
0.0,0.0,0.0,3.7431874832051273
0.0,0.0,0.0,2.839132849052076
1.0,2.0,0.0,1.7997279482907833
0.0,2.0,3.0,3.5310696702021738
1.0,2.0,0.0,2.1789671499607075
